I1 = 0.960434
I2 = 0.960434
I3 = 0.501096
I4 = 0.459338
I5 = 0.960434
I6 = 0.240109
I7 = 0.720326
I8 = 0.960434
