I1 = 0.738276 + 6.62401i
I2 = 2.21483 - 0.127968i
I3 = -1.47655 + 6.75198i
